eval_accuracy = 0.5283018867924528
eval_loss = 0.961762513433184
global_step = 352
loss = 0.9430630818348039
