eval_accuracy = 0.6320754716981132
eval_loss = 0.8964902779885701
global_step = 704
loss = 0.7280325148762627
