eval_accuracy = 0.6037735849056604
eval_loss = 1.102743176477296
global_step = 1056
loss = 0.40842768300155347
